0.899760
0.615295
1.251799
1.147026
4.093975
4.464631
3.858949
4.247382
4.097180
4.446065
4.095111
4.224184
4.140460
4.054469
1.919254
1.823661
1.840868
1.883892
1.899596
1.822575
1.743520
1.936052
1.759387
2.128716
1.866309
1.880764
1.838958
1.856113
1.507137
1.758175
1.810972
2.046955
1.834711
2.008834
1.782127
4.022865
4.229279
4.261170
4.049279
3.870296
4.321577
4.229650
3.917952
3.996744
4.025939
6.925500
8.030964
7.278476
10.355833
4.392385
4.174835
4.289059
8.069582
7.733332
8.356943
7.000161
7.669954
7.135877
9.704352
7.343072
8.755913
7.750786
6.511732
7.014435
7.479586
9.062542
